3 0.056967 0.432787 0.252049 0.496175 0.339754 0.567213 0.251230 0.555191 0.163525 0.511475
3 0.657787 0.577049 0.782377 0.593443 0.913525 0.639344 0.983197 0.706011 0.865164 0.684153 0.759426 0.634973
3 0.761885 0.547541 0.645492 0.573770 0.589754 0.653552 0.525000 0.715847 0.497951 0.742077 0.480738 0.740984 0.568443 0.626230 0.630738 0.532240 0.688934 0.506011 0.750410 0.516940 0.761885 0.525683
3 0.808607 0.553005 0.900410 0.571585 0.973361 0.616393 0.998770 0.661202 0.999000 0.658509 0.998770 0.607650 0.956148 0.566120 0.888934 0.527869 0.825000 0.528962 0.790574 0.540984
3 0.342213 0.372678 0.379918 0.432787 0.422541 0.579235 0.424180 0.644809 0.383197 0.563934 0.352049 0.477596 0.334016 0.396721
3 0.779918 0.234973 0.718443 0.328962 0.675820 0.432787 0.656967 0.465574 0.737295 0.353005 0.797951 0.284153 0.797951 0.248087
3 0.816803 0.005464 0.811066 0.086339 0.811066 0.159563 0.806967 0.228415 0.804508 0.283060 0.811885 0.312568 0.840574 0.187978 0.843033 0.106011 0.832377 0.002186
3 0.930738 0.096175 0.915164 0.207650 0.906967 0.289617 0.918443 0.391257 0.918443 0.500546 0.906148 0.550820 0.870902 0.524590 0.872541 0.416393 0.879918 0.276503 0.900410 0.197814
3 0.996311 0.068852 0.964344 0.139891 0.919262 0.197814 0.930738 0.120219 0.979918 0.060109 0.995492 0.039344 0.999000 0.064603
3 0.625000 0.609836 0.663525 0.683060 0.679918 0.757377 0.684016 0.831694 0.655328 0.755191 0.637295 0.673224
3 0.702869 0.708197 0.711066 0.784699 0.716803 0.852459 0.698770 0.893989 0.688115 0.820765 0.686475 0.727869
3 0.078279 0.008743 0.168443 0.132240 0.229918 0.195628 0.347951 0.314754 0.377459 0.353005 0.349590 0.286339 0.271721 0.198907 0.225000 0.139891 0.149590 0.039344 0.102869 0.000000
3 0.115984 0.498361 0.133197 0.624044 0.173361 0.737705 0.170082 0.656831 0.129098 0.492896
3 0.401230 0.098361 0.459426 0.263388 0.463525 0.136612 0.435656 0.049180
3 0.684016 0.147541 0.706148 0.293989 0.716803 0.330055 0.729098 0.311475 0.728279 0.232787 0.716803 0.147541 0.707787 0.066667 0.688115 0.088525