8 0.296940 0.771613 0.317601 0.641610 0.304688 0.475624 0.300168 0.400176 0.311790 0.234191 0.318892 0.105349 0.297585 0.020615 0.245287 0.020615 0.233665 0.169189 0.223980 0.307317 0.225917 0.450088 0.210421 0.575448 0.210421 0.659021 0.225917 0.734469 0.242704 0.771613
8 0.095493 0.682236 0.036738 0.606788 0.018014 0.650896 0.034801 0.726344 0.076123 0.775095 0.099367 0.798310
8 0.061273 0.374640 0.051588 0.308478 0.037384 0.177315 0.076769 0.206333 0.093556 0.233030 0.099367 0.325889 0.099367 0.428034
8 0.480953 0.469821 0.466103 0.366515 0.474496 0.235351 0.502905 0.115795 0.516464 0.133206 0.524858 0.252763 0.526149 0.378122 0.511945 0.467499
8 0.606211 0.645092 0.598463 0.560358 0.597818 0.458213 0.616542 0.379283 0.635912 0.399016 0.641077 0.503482 0.639786 0.568484 0.637849 0.632324
8 0.617833 0.380444 0.617833 0.299192 0.633329 0.165707 0.658510 0.077491 0.670132 0.130885 0.678525 0.266691 0.660447 0.357229 0.644305 0.383926 0.636557 0.388569
8 0.621061 0.682236 0.648179 0.600984 0.667549 0.599824 0.668195 0.614913 0.639786 0.682236 0.617833 0.748398
8 0.688210 0.618395 0.735343 0.554555 0.765044 0.473303 0.780540 0.415266 0.726304 0.412945 0.704352 0.484910 0.691439 0.508125 0.688856 0.569644
8 0.823799 0.577770 0.883846 0.522054 0.922585 0.402498 0.928396 0.359551 0.879972 0.392051 0.843169 0.461696 0.818634 0.532501
8 0.813468 0.488393 0.865121 0.429195 0.898050 0.285263 0.909672 0.171511 0.878035 0.163386 0.828319 0.302674 0.772146 0.450088 0.797327 0.500000
8 0.743737 0.409462 0.750839 0.278299 0.781185 0.163386 0.827027 0.128563 0.871578 0.151778 0.845752 0.241155 0.819925 0.323568 0.786351 0.395533