0 0.386743 0.127495 0.219762 0.138371 0.123929 0.127495 0.073109 0.122057 0.115217 0.162298 0.196530 0.184050 0.322855 0.182963 0.370771 0.162298
0 0.395455 0.182963 0.189270 0.203627 0.147161 0.227555 0.107957 0.266708 0.113765 0.285198 0.148613 0.296074 0.157325 0.258008 0.211050 0.226467 0.392551 0.214503
0 0.424495 0.246044 0.285102 0.254745 0.192174 0.268884 0.163133 0.296074 0.147161 0.312388 0.160229 0.339578 0.189270 0.345016 0.203790 0.330877 0.213954 0.301512 0.229926 0.298249 0.337375 0.285198 0.392551 0.284110 0.436112 0.284110
0 0.412879 0.358067 0.286554 0.345016 0.225570 0.345016 0.176202 0.345016 0.148613 0.366768 0.166037 0.401572 0.202338 0.398309 0.254610 0.377644 0.347539 0.376557 0.399811 0.381995
0 0.407071 0.399396 0.318499 0.409185 0.218310 0.403747 0.176202 0.401572 0.158777 0.421149 0.216858 0.462478 0.253158 0.472266 0.309787 0.436375 0.347539 0.433112 0.396907 0.427674 0.411427 0.425499
0 0.412879 0.458127 0.314143 0.461390 0.257514 0.479879 0.183462 0.479879 0.182010 0.490755 0.196530 0.508157 0.293814 0.497281 0.402715 0.485317
0 0.424495 0.539698 0.322855 0.535347 0.260418 0.525559 0.216858 0.509245 0.182010 0.519033 0.170393 0.539698 0.154421 0.548398 0.147161 0.565800 0.218310 0.575589 0.258966 0.570151 0.331567 0.570151 0.404167 0.583202 0.428851 0.592990
0 0.360607 0.606042 0.247350 0.602779 0.182010 0.575589 0.148613 0.575589 0.179106 0.616918 0.269130 0.624531 0.333019 0.627794 0.344635 0.627794
0 0.475316 0.672386 0.379483 0.673473 0.293814 0.685437 0.184914 0.684349 0.209598 0.703926 0.308335 0.707189 0.421591 0.719153 0.494192 0.695225
0 0.482576 0.710452 0.308335 0.720240 0.118121 0.684349 0.245898 0.728941 0.398359 0.741992 0.456440 0.741992 0.497096 0.714802
0 0.466604 0.752869 0.334471 0.751781 0.224118 0.758307 0.195078 0.767007 0.125381 0.796373 0.166037 0.805074 0.199434 0.811599 0.269130 0.778971 0.395455 0.765920 0.468056 0.771358
0 0.434660 0.789847 0.343183 0.780059 0.250254 0.782234 0.213954 0.817037 0.190722 0.858366 0.216858 0.874681 0.260418 0.831176 0.322855 0.812687 0.427399 0.818125 0.441920 0.825738
0 0.420139 0.842052 0.333019 0.852928 0.235734 0.852928 0.225570 0.876856 0.302526 0.885557 0.367867 0.876856 0.425947 0.871418
