0 0.503736 0.744633 0.568954 0.678163 0.609715 0.612782 0.698709 0.532146 0.780231 0.505993 0.758492 0.464585 0.670177 0.468944 0.614470 0.537594 0.568954 0.614961 0.518003 0.699956 0.503736 0.719571
0 0.690557 0.563746 0.793139 0.616051 0.862432 0.673804 0.988791 0.705405 0.924932 0.626948 0.840693 0.584450 0.714334 0.545222 0.687160 0.548491
0 0.579823 0.784952 0.604280 0.810014 0.606997 0.830718 0.544497 0.812194 0.511889 0.801297 0.468410 0.948404 0.458220 0.988722 0.443274 0.996350 0.454823 0.898278 0.477242 0.802386 0.528872 0.757709 0.580503 0.774055 0.587976 0.781682
0 0.342731 0.296775 0.393003 0.409012 0.412704 0.505993 0.424932 0.548491 0.448030 0.604065 0.471807 0.691239 0.498981 0.762068 0.452106 0.667266 0.378736 0.512531 0.347486 0.388308
0 0.032269 0.361066 0.163383 0.463496 0.258492 0.511442 0.316236 0.533235 0.365829 0.604065 0.419497 0.673804 0.417459 0.640024 0.326427 0.502724 0.290421 0.468944 0.197351 0.422088 0.113111 0.393756 0.049253 0.367604
0 0.007133 0.586630 0.051291 0.516890 0.094769 0.426447 0.100204 0.411191 0.075068 0.394846 0.045177 0.448240 0.025476 0.516890 0.008492 0.555029
0 0.191916 0.076659 0.261209 0.161654 0.322351 0.261905 0.289742 0.152937 0.393682 0.292416 0.418139 0.329465 0.351563 0.184537 0.306046 0.119157 0.254416 0.038520 0.227242 0.003650 0.185802 0.001471
0 0.479280 0.109349 0.516644 0.201972 0.569633 0.300044 0.532269 0.197614 0.514606 0.093004 0.483356 0.004740 0.487432 0.078838 0.480639 0.097363
0 0.692595 0.008009 0.701427 0.128964 0.729959 0.254277 0.739470 0.201972 0.742188 0.108260 0.736753 0.008009
0 0.575068 0.471123 0.616508 0.409012 0.685122 0.405743 0.719090 0.422088 0.787704 0.284788 0.761889 0.406832 0.723166 0.455868 0.653872 0.478751
0 0.652514 0.587719 0.681726 0.729378 0.695992 0.830718 0.694633 0.871036 0.662704 0.778413 0.649117 0.660728
0 0.721807 0.595347 0.689198 0.675983 0.691916 0.710853 0.725883 0.705405 0.749660 0.599706
0 0.888247 0.478751 0.888247 0.343631 0.902514 0.219407 0.926970 0.302223 0.930367 0.432985 0.929008 0.505993
