3 0.722271 0.244168 0.676790 0.280480 0.635710 0.332196 0.584360 0.359705 0.578492 0.336598 0.618104 0.268376 0.682658 0.225462 0.700264 0.208957
3 0.434712 0.227663 0.500734 0.300286 0.543281 0.365207 0.560886 0.378411 0.565288 0.354203 0.546215 0.303587 0.512471 0.268376 0.494865 0.240867 0.471391 0.222161 0.424442 0.202355
3 0.304137 0.327795 0.298269 0.270577 0.295335 0.218860 0.271860 0.126430 0.214642 0.026298 0.230781 0.126430 0.245452 0.224362 0.270393 0.296985
3 0.700264 0.295885 0.756015 0.357504 0.805898 0.438930 0.766285 0.438930 0.725205 0.390515 0.698797 0.349802
3 0.681191 0.332196 0.666520 0.405920 0.682658 0.459837 0.691461 0.418024 0.703198 0.367408 0.703198 0.332196 0.695863 0.291483 0.688527 0.280480
3 0.241050 0.445533 0.257189 0.466439 0.395100 0.475242 0.487529 0.514855 0.478727 0.488446 0.383363 0.455436 0.312940 0.435629 0.274795 0.436730
3 0.634243 0.739327 0.817635 0.800946 0.961414 0.905480 0.986356 0.924186 0.899795 0.897777 0.738410 0.840559 0.681191 0.805348 0.615170 0.760233
3 0.365757 0.566571 0.446450 0.548966 0.579959 0.530260 0.490464 0.512654 0.417107 0.528059 0.346684 0.539062 0.324677 0.547865
3 0.229313 0.596281 0.145687 0.662302 0.094337 0.695312 0.097271 0.647997 0.179431 0.579776
3 0.439114 0.664503 0.367224 0.697513 0.327612 0.755832 0.408304 0.728323 0.458187 0.666703
3 0.475792 0.774538 0.615170 0.739327 0.695863 0.711818 0.659184 0.714018 0.556485 0.725022 0.478727 0.748129 0.427377 0.763534
3 0.769219 0.442232 0.628374 0.495048 0.568222 0.543464 0.459654 0.601783 0.329079 0.647997 0.274795 0.659001 0.604900 0.567672 0.756015 0.504952 0.895393 0.402619 0.852846 0.418024