0 0.001030 0.321374 0.069712 0.294228 0.237294 0.246449 0.391140 0.293142 0.430975 0.320288 0.468750 0.349607 0.358860 0.386527 0.204327 0.426704 0.143201 0.432133 0.213255 0.397385 0.257212 0.393042 0.126717 0.396299 0.030563 0.428875 0.003091 0.434305
0 0.358860 0.015159 0.368475 0.043391 0.389080 0.293142 0.358173 0.282283 0.332074 0.023846 0.332074 0.000000
0 0.448146 0.120488 0.456387 0.298571 0.475618 0.400643 0.497596 0.483169 0.536058 0.552665 0.578640 0.652565 0.607486 0.595014 0.571085 0.431047 0.543613 0.257308 0.497596 0.117231 0.468063 0.012987 0.457761 0.091170
0 0.961195 0.002128 0.893887 0.082483 0.815591 0.206272 0.765453 0.269252 0.720810 0.396299 0.685783 0.495114 0.685096 0.508144 0.777129 0.408244 0.854739 0.277939 0.902816 0.185640 0.955701 0.125918 0.993475 0.067281 0.987981 0.001042
0 0.813530 0.347435 0.798420 0.609130 0.770261 0.825218 0.737981 0.943578 0.727679 0.939235 0.741415 0.663424 0.755151 0.437562 0.786745 0.387612
0 0.504464 0.507058 0.490041 0.628676 0.496223 0.734005 0.526442 0.734005 0.539492 0.593928 0.529876 0.553751
0 0.053228 0.858880 0.082074 0.831733 0.222871 0.798071 0.281250 0.787213 0.333448 0.841506 0.291552 0.849107 0.150755 0.852365
0 0.356799 0.781783 0.398695 0.830648 0.533310 0.789385 0.643887 0.785041 0.733173 0.772011 0.737981 0.722061 0.643201 0.756808 0.555288 0.741606 0.459135 0.752465 0.365728 0.773096
0 0.108860 0.485341 0.188530 0.678626 0.276442 0.768753 0.338255 0.868653 0.360920 0.884941 0.441277 0.884941 0.349931 0.763324 0.298420 0.657994 0.231113 0.566781 0.142514 0.489684
0 0.231113 0.425618 0.235234 0.513573 0.240728 0.570039 0.278503 0.622160 0.279876 0.491856 0.262706 0.418017
0 0.318338 0.402815 0.333448 0.529861 0.334135 0.651479 0.336882 0.703601 0.356799 0.769839 0.365728 0.709030 0.386332 0.614559 0.364354 0.390870
0 0.397321 0.387612 0.410371 0.558094 0.415865 0.699257 0.419299 0.755723 0.451580 0.743778 0.434409 0.567867 0.436470 0.374582
0 0.182349 0.674282 0.202953 0.763324 0.207761 0.786127 0.179602 0.803501 0.134959 0.722061 0.023008 0.604787 0.000000 0.553663 0.062843 0.519003 0.130838 0.595014 0.099245 0.490770 0.108173 0.486427
0 0.195398 0.866481 0.229739 0.983755 0.278503 0.996786 0.292239 0.994614 0.277816 0.843678 0.253777 0.848022 0.255151 0.926204 0.242788 0.922947 0.221497 0.853451
0 0.788118 0.707944 0.856113 0.856709 0.917926 0.983755 0.939217 0.993528 0.895261 0.795900 0.823832 0.605872 0.822459 0.550493 0.816277 0.524432 0.810096 0.533119 0.798420 0.647135
0 0.599931 0.365895 0.648695 0.288798 0.643887 0.336576 0.705701 0.246449 0.712569 0.193242 0.762706 0.113973 0.811470 0.045563 0.813530 0.001042 0.793750 0.000000 0.744849 0.057508 0.648695 0.171524 0.621223 0.249707 0.584821 0.302914 0.575206 0.328975 0.583448 0.358294
