0 0.368443 0.512568 0.349590 0.457923 0.341393 0.375956 0.376639 0.430601 0.413525 0.545355 0.429918 0.586885
0 0.041393 0.436066 0.131557 0.492896 0.233197 0.545355 0.300410 0.565027 0.333197 0.565027 0.288934 0.519126 0.195492 0.484153 0.119262 0.459016 0.053689 0.437158
0 0.497131 0.742077 0.533197 0.710383 0.573361 0.664481 0.628279 0.595628 0.702049 0.559563 0.770902 0.542077 0.739754 0.508197 0.638115 0.525683 0.587295 0.585792 0.535656 0.668852 0.511066 0.707104
0 0.661066 0.584699 0.765164 0.629508 0.837295 0.665574 0.943852 0.696175 0.998770 0.733333 0.906148 0.640437 0.769262 0.585792 0.674180 0.577049
0 0.793033 0.557377 0.825000 0.551913 0.863525 0.566120 0.922541 0.585792 0.999000 0.650864 0.999000 0.618579 0.956967 0.567213 0.893852 0.534426 0.855328 0.527869 0.817623 0.533333
0 0.866803 0.525683 0.869262 0.443716 0.876639 0.318033 0.878279 0.261202 0.906967 0.159563 0.929098 0.043716 0.930738 0.030601 0.924180 0.128962 0.907787 0.257923 0.907787 0.334426 0.917623 0.416393 0.921721 0.495082 0.914344 0.538798
0 0.799590 0.297268 0.752049 0.343169 0.714344 0.386885 0.675000 0.449180 0.649590 0.473224 0.649590 0.469945 0.708607 0.366120 0.742213 0.285246 0.794672 0.216393 0.800410 0.202186 0.802869 0.253552
0 0.805328 0.293989 0.803689 0.206557 0.812705 0.134426 0.812705 0.063388 0.814344 0.006557 0.829801 0.000000 0.838115 0.051366 0.843033 0.121311 0.836475 0.181421 0.816803 0.265574
0 0.678279 0.150820 0.692213 0.246995 0.720082 0.337705 0.730738 0.281967 0.728279 0.227322 0.720082 0.153005 0.702869 0.068852 0.685656 0.088525
0 0.570902 0.374863 0.602049 0.304918 0.640574 0.252459 0.643852 0.291803 0.605328 0.368306 0.582377 0.443716 0.572541 0.474317
0 0.630738 0.607650 0.661066 0.689617 0.688115 0.778142 0.687295 0.822951 0.661885 0.779235 0.634836 0.662295
0 0.580738 0.523497 0.615164 0.518033 0.639754 0.526776 0.715984 0.498361 0.715164 0.483060 0.642213 0.468852 0.602869 0.483060 0.583197 0.498361
0 0.482377 0.301639 0.506148 0.362842 0.515164 0.307104 0.519262 0.248087 0.485656 0.172678 0.478279 0.225137 0.482377 0.281967
0 0.459426 0.260109 0.426639 0.158470 0.408607 0.097268 0.433197 0.048087 0.456148 0.080874 0.452049 0.130055 0.461885 0.156284
0 0.084016 0.010929 0.151230 0.111475 0.177459 0.144262 0.170902 0.099454 0.146311 0.042623 0.125000 0.005464 0.096311 0.003279
0 0.232377 0.196721 0.283197 0.261202 0.290574 0.221858 0.224180 0.145355
0 0.075000 0.373770 0.138115 0.403279 0.217623 0.441530 0.247131 0.441530 0.170902 0.382514 0.057787 0.337705 0.005328 0.333333 0.006967 0.359563
0 0.512705 0.785792 0.582377 0.792350 0.598770 0.800000 0.553689 0.749727 0.523361 0.756284
0 0.356967 0.773770 0.425000 0.806557 0.424180 0.786885 0.375000 0.740984 0.325000 0.760656 0.293852 0.831694 0.293033 0.849180 0.342213 0.797814
0 0.375820 0.851366 0.429098 0.891803 0.449590 0.899454 0.453689 0.853552 0.402049 0.830601 0.346311 0.834973 0.261066 0.937705 0.336475 0.867760
