0 0.655328 0.578142 0.808607 0.642623 0.910246 0.697268 0.983197 0.715847 0.908607 0.649180 0.793852 0.597814 0.694672 0.587978
0 0.733197 0.549727 0.652869 0.596721 0.572541 0.680874 0.492213 0.737705 0.565164 0.648087 0.640574 0.549727 0.675820 0.516940 0.770902 0.530055 0.769262 0.547541
0 0.799590 0.555191 0.913525 0.575956 0.978279 0.637158 0.998770 0.604372 0.885656 0.511475 0.821721 0.526776
0 0.869262 0.516940 0.873361 0.354098 0.904508 0.187978 0.930738 0.086339 0.908607 0.265574 0.908607 0.389071 0.912705 0.486339 0.911066 0.524590
0 0.781557 0.222951 0.731557 0.303825 0.672541 0.439344 0.645492 0.469945 0.715984 0.373770 0.755328 0.349727 0.799590 0.286339
0 0.677459 0.156284 0.704508 0.289617 0.733197 0.349727 0.733197 0.243716 0.723361 0.153005 0.705328 0.074317 0.682377 0.103825
0 0.574180 0.446995 0.597131 0.332240 0.631557 0.250273 0.639754 0.242623 0.615164 0.368306 0.586475 0.451366
0 0.347131 0.371585 0.404508 0.492896 0.423361 0.547541 0.433197 0.597814 0.475820 0.690710 0.500410 0.765027 0.447131 0.676503 0.400410 0.627322 0.373361 0.571585 0.352869 0.497268 0.344672 0.420765 0.334836 0.370492
0 0.020082 0.426230 0.124180 0.489617 0.191393 0.536612 0.275000 0.558470 0.334836 0.585792 0.369262 0.634973 0.420902 0.678689 0.337295 0.572678 0.296311 0.528962 0.211885 0.477596 0.146311 0.452459 0.064344 0.441530
0 0.590574 0.801093 0.520902 0.786885 0.508607 0.801093 0.463525 0.869945 0.451230 0.943169 0.443033 0.911475 0.447131 0.824044 0.505328 0.765027 0.520902 0.757377 0.566803 0.759563 0.593033 0.790164
0 0.672541 0.815301 0.665984 0.796721 0.652049 0.745355 0.637295 0.701639 0.629098 0.644809 0.629098 0.616393 0.635656 0.630601 0.673361 0.724590 0.684016 0.765027 0.689754 0.819672
