8 0.393228 0.972154 0.355499 0.935208 0.336635 0.859142 0.321543 0.763515 0.298906 0.701576 0.255141 0.646156 0.252122 0.505977 0.252877 0.414697 0.287587 0.462510 0.325316 0.578783 0.373609 0.666802 0.397001 0.742869 0.422656 0.781989 0.434729 0.829802 0.429447 0.917821 0.417374 0.956941
8 0.258159 0.933035 0.255895 0.877615 0.255895 0.804808 0.227976 0.747215 0.183456 0.674409 0.144218 0.608123 0.084607 0.524450 0.023486 0.513583 0.056687 0.600516 0.125354 0.728742 0.182701 0.836322 0.207602 0.906955 0.250613 0.937381
8 0.206093 0.687449 0.197793 0.618989 0.157800 0.505977 0.100453 0.404917 0.061215 0.345151 0.006885 0.295164 0.005376 0.363624 0.035559 0.439690 0.086116 0.544010 0.111017 0.574436 0.162328 0.618989 0.191756 0.673322
8 0.258913 0.679842 0.209866 0.577696 0.175910 0.450557 0.142709 0.347324 0.131390 0.283211 0.173646 0.283211 0.206848 0.373404 0.223448 0.435344 0.233258 0.494023 0.246086 0.552703 0.259668 0.601603 0.273250 0.652676
8 0.249859 0.494023 0.206848 0.352757 0.186474 0.249525 0.186474 0.209318 0.252122 0.292991 0.280796 0.353844 0.302679 0.462510 0.300415 0.488590
8 0.375118 0.546183 0.346444 0.440777 0.310979 0.334284 0.274005 0.202798 0.286078 0.076745 0.338898 0.151725 0.387946 0.264738 0.386437 0.363624 0.378891 0.460337
8 0.406810 0.720049 0.393982 0.651589 0.406810 0.455990 0.412092 0.365797 0.444539 0.455990 0.448312 0.569003 0.446802 0.663543 0.449066 0.734175 0.452839 0.840668 0.450575 0.872181 0.427938 0.793942
8 0.497359 0.646156 0.476985 0.595083 0.459630 0.488590 0.451330 0.366884 0.454348 0.220185 0.454348 0.122385 0.479249 0.108259 0.524524 0.138685 0.532069 0.220185 0.531315 0.314724 0.531315 0.455990 0.532069 0.567916 0.540370 0.618989 0.536597 0.662456 0.519996 0.663543
8 0.605263 0.685276 0.587908 0.636376 0.596208 0.550530 0.602999 0.442950 0.615073 0.325591 0.640728 0.196278 0.646765 0.174545 0.665629 0.291904 0.665629 0.374491 0.661856 0.535316 0.651292 0.620076 0.642237 0.676582 0.631673 0.679842
8 0.679966 0.692882 0.666384 0.621163 0.671666 0.519017 0.680721 0.426650 0.689776 0.314724 0.695812 0.241918 0.716940 0.152812 0.719958 0.146292 0.743350 0.222358 0.746369 0.291904 0.746369 0.402744 0.740332 0.500543 0.718449 0.585303 0.710149 0.638549 0.707131 0.665716 0.697321 0.689622
8 0.714676 0.723309 0.736559 0.692882 0.773533 0.620076 0.808244 0.527710 0.815789 0.417957 0.821826 0.314724 0.826354 0.236485 0.818053 0.187585 0.797680 0.200625 0.778061 0.263651 0.761460 0.328851 0.744859 0.396224 0.736559 0.477723 0.730523 0.574436 0.716186 0.635289 0.708640 0.671149 0.707885 0.709182
8 0.818053 0.804808 0.805225 0.739609 0.820317 0.618989 0.876155 0.451644 0.927467 0.295164 0.959159 0.225618 0.959913 0.313638 0.953877 0.448384 0.907848 0.576610 0.876910 0.682016 0.857291 0.741782 0.850500 0.790682 0.836918 0.804808
8 0.881437 0.805895 0.910111 0.690709 0.958404 0.555963 0.998302 0.429557 0.993115 0.511410 0.993115 0.589650 0.990096 0.598343 0.938785 0.685276 0.930485 0.734175 0.912375 0.775469