0 0.523614 0.610345 0.503558 0.478161 0.494501 0.398851 0.520379 0.301149 0.522320 0.290805 0.531377 0.449425 0.534612 0.489655 0.537847 0.534483
0 0.335997 0.483908 0.286828 0.377011 0.255127 0.258621 0.256421 0.201149 0.282946 0.235632 0.303649 0.304598 0.334056 0.388506 0.366404 0.459770 0.356699 0.483908
0 0.385812 0.342529 0.361875 0.244828 0.365757 0.139080 0.365757 0.012644 0.381931 0.052874 0.404574 0.171264 0.401986 0.294253 0.389694 0.388506
0 0.328233 0.793103 0.289416 0.756322 0.281005 0.652874 0.286181 0.618391 0.294591 0.635632 0.318529 0.704598 0.324351 0.739080
0 0.185256 0.913793 0.164553 0.908046 0.119266 0.879310 0.128971 0.781609 0.136734 0.749425 0.152908 0.777011 0.161965 0.802299 0.182668 0.855172 0.187844 0.888506
0 0.541082 0.629885 0.575370 0.543678 0.596073 0.456322 0.596720 0.367816 0.587663 0.364368 0.575370 0.440230 0.555315 0.463218 0.554021 0.491954 0.550786 0.537931 0.547551 0.573563
0 0.700233 0.708046 0.696351 0.614943 0.700233 0.519540 0.718995 0.480460 0.724170 0.500000 0.726111 0.583908 0.726111 0.648276 0.720935 0.694253 0.714466 0.705747
0 0.871676 0.851724 0.898848 0.782759 0.913081 0.657471 0.911141 0.620690 0.872323 0.656322 0.847092 0.742529 0.840622 0.809195 0.854855 0.859770
0 0.660769 0.456322 0.683412 0.437931 0.700233 0.400000 0.724170 0.347126 0.754577 0.281609 0.768810 0.237931 0.727405 0.235632 0.717054 0.258621 0.695057 0.302299 0.676942 0.379310 0.661416 0.424138
0 0.587663 0.209195 0.592191 0.160920 0.604483 0.087356 0.615482 0.032184 0.609012 0.012644 0.590250 0.011494 0.579899 0.051724 0.574076 0.087356 0.568901 0.125287 0.568901 0.178161 0.573430 0.194253
