5 0.560726 0.042935 0.550130 0.101630 0.546869 0.140761 0.547684 0.198370 0.554205 0.235326 0.556651 0.269022 0.558281 0.298370 0.569692 0.336413 0.578659 0.374457 0.594961 0.395109 0.597406 0.359239 0.607188 0.319022 0.611263 0.298370 0.611263 0.246196 0.611263 0.205978 0.611263 0.151630 0.599037 0.120109 0.573768 0.052717
5 0.924268 0.302717 0.905520 0.345109 0.891663 0.372283 0.885142 0.417935 0.883512 0.444022 0.888403 0.502717 0.890033 0.526630 0.907965 0.510326 0.920192 0.472283 0.923453 0.444022 0.924268 0.403804 0.938940 0.360326 0.940570 0.330978 0.937309 0.310326
5 0.411560 0.052717 0.444165 0.161413 0.453946 0.214674 0.468618 0.259239 0.478399 0.328804 0.480845 0.392935 0.490626 0.466848 0.488996 0.515761 0.477584 0.535326 0.449870 0.512500 0.419711 0.358152 0.407484 0.226630 0.406669 0.158152 0.404224 0.090761
5 0.167025 0.113587 0.199630 0.195109 0.225714 0.279891 0.255058 0.362500 0.271360 0.410326 0.296629 0.465761 0.305595 0.472283 0.312931 0.342935 0.313746 0.292935 0.277066 0.157065 0.245276 0.063587 0.208596 0.003804 0.153983 0.003804 0.164580 0.061413
5 0.000742 0.104891 0.016229 0.139674 0.036607 0.149457 0.068396 0.191848 0.092035 0.226630 0.101816 0.240761 0.118118 0.305978 0.133606 0.363587 0.141757 0.423370 0.146647 0.474457 0.153168 0.499457 0.095295 0.411413 0.041498 0.286413 0.013784 0.240761 0.004002 0.205978 0.000000 0.163283
5 0.618599 0.487500 0.604742 0.541848 0.595776 0.585326 0.585995 0.640761 0.583549 0.684239 0.594146 0.721196 0.599037 0.729891 0.606373 0.691848 0.616969 0.610326 0.630826 0.555978 0.645498 0.494022 0.647943 0.461413 0.649574 0.428804 0.632456 0.461413
5 0.335754 0.348370 0.366729 0.445109 0.369989 0.515761 0.386291 0.595109 0.386291 0.639674 0.379770 0.644022 0.346351 0.624457 0.315376 0.547283 0.315376 0.483152 0.325158 0.438587 0.325158 0.386413
5 0.301519 0.522283 0.281141 0.611413 0.270545 0.692935 0.278696 0.801630 0.283587 0.909239 0.293368 0.950543 0.299074 0.994022 0.342275 0.996196 0.321082 0.875543 0.321082 0.813587 0.333309 0.739674 0.333309 0.642935 0.333309 0.609239 0.326788 0.561413 0.310486 0.520109
5 0.951166 0.582065 0.925083 0.635326 0.909596 0.687500 0.879436 0.753804 0.872100 0.809239 0.874546 0.854891 0.881882 0.869022 0.925083 0.734239 0.949536 0.659239 0.965023 0.610326 0.969914 0.583152
5 0.721304 0.025543 0.684624 0.173370 0.678103 0.226630 0.671582 0.257065 0.666691 0.312500 0.687884 0.389674 0.708262 0.344022 0.720489 0.251630 0.740052 0.167935 0.739236 0.079891 0.729455 0.022283
5 0.634902 0.580978 0.632456 0.635326 0.624305 0.673370 0.624305 0.716848 0.623490 0.735326 0.642238 0.742935 0.653649 0.699457 0.663431 0.648370 0.653649 0.621196